rf2o_mean: 0.166664456233 rf2o_sigma: 0.00314463616984 
sao_mean: 0.166665782493, sao_sigma: 0.00315593356955